DateTime,Entries,UniqueIPs
1501265567,8684,46265934
1501265567,8684,46265934
1501586652,8691,46265934
1504253298,8720,46156110
1504504992,8722,46150990
1506799075,8727,46070094
